3.92218
3.93269
3.94343
3.95470
3.96612
3.97822
3.99030
4.00294
4.01562
4.02853
4.04277
4.05722
4.07189
4.08677
4.10185
4.11713
4.13261
4.15001
4.16645
4.18420
4.20223
4.22108
4.24034
4.26001
4.28050
4.30095
4.32244
4.34508
4.36706
4.39052
4.41553
4.43954
4.46499
4.49172
4.51849
4.54527
4.57378
4.60351
4.63317
4.66278
4.69489
4.72732
4.76105
4.79485
4.82972
4.86659
4.90408
4.94243
4.98034
5.02190
5.06290
5.10517
5.14930
5.19272
5.23999
5.28636
5.33543
5.38471
5.43598
5.48810
5.54200
5.59680
5.65373
5.71103
5.77134
5.83122
5.89493
5.95885
6.02448
6.09267
6.16128
6.23249
6.30581
6.38003
6.45611
6.53532
6.61583
6.69780
6.78144
6.86862
6.95755
7.04835
7.14116
7.23607
7.33319
7.43260
7.53438
7.63858
7.74524
7.85439
7.96604
