1.00385	1.16028	0.16028
1.00888	1.21146	0.21146
1.01703	1.26396	0.26398
1.01402	1.25989	0.25989
1.02907	1.31853	0.3186
1.0251	1.31354	0.31356
1.04575	1.37607	0.3763
1.04079	1.3701	0.37023
1.03505	1.36233	0.36236
1.06784	1.43763	0.43827
1.0619	1.43068	0.43111
1.055	1.42181	0.42203
1.04714	1.41083	0.41084
1.09608	1.5044	0.50594
1.08921	1.49648	0.49766
1.0812	1.48656	0.48734
1.07204	1.47442	0.4748
1.06171	1.45987	0.45987
1.13124	1.57767	0.58106
1.12349	1.56884	0.57161
1.11447	1.55792	0.56001
1.1041	1.54472	0.5461
1.09236	1.52902	0.5297
1.0792	1.51059	0.51063
1.17405	1.65883	0.66567
1.16552	1.64915	0.65501
1.15559	1.63732	0.6421
1.14416	1.62316	0.62678
1.13116	1.60645	0.60888
1.11651	1.58695	0.58823
1.22529	1.74931	0.76218
1.21606	1.73886	0.75028
1.20534	1.72624	0.73601
1.19299	1.71123	0.71923
1.17893	1.69364	0.69977
1.16302	1.67324	0.67748
1.14516	1.64976	0.65218
1.28569	1.85056	0.8734
1.27587	1.83945	0.86021
1.26448	1.82614	0.84454
1.25138	1.81043	0.82624
1.23644	1.79211	0.80517
1.21951	1.77097	0.78115
1.20044	1.74675	0.75404
1.17909	1.71914	0.72365
1.35601	1.96402	1.00256
1.34571	1.95236	0.98803
1.33378	1.93848	0.97091
1.32007	1.9222	0.95104
1.30444	1.90332	0.92826
1.28672	1.8816	0.90242
1.26674	1.85682	0.87338
1.2443	1.82868	0.84096
1.21916	1.79683	0.80497
1.43701	2.0911	1.15337
1.42631	2.07899	1.13746
1.41396	2.06468	1.11883
1.3998	2.04797	1.09731
1.38366	2.02866	1.07275
1.36537	2.00655	1.04499
1.34473	1.98139	1.01388
1.32153	1.95292	0.97927
1.29551	1.92079	0.94097
1.26635	1.88462	0.89877
1.52941	2.23313	1.33006
1.51843	2.22069	1.31271
1.50578	2.20606	1.2925
1.49129	2.18905	1.26927
1.4748	2.16948	1.24284
1.45613	2.14714	1.21304
1.43508	2.12179	1.17974
1.41141	2.09317	1.14276
1.38486	2.06098	1.10194
1.3551	2.02484	1.05708
1.32172	1.98429	1.00793
1.63399	2.3914	1.53739
1.6228	2.37873	1.51855
1.60995	2.3639	1.49671
1.59526	2.34673	1.47168
1.57857	2.32704	1.44329
1.55969	2.30461	1.41136
1.53842	2.27923	1.37573
1.51453	2.25065	1.33623
1.48775	2.21859	1.29269
1.45775	2.18269	1.24491
1.42414	2.14253	1.19268
1.75148	2.56712	1.78073
1.74017	2.55432	1.76035
1.72721	2.53939	1.73681
1.71243	2.52218	1.70992
1.69566	2.50248	1.67947
1.67671	2.48012	1.6453
1.65539	2.45487	1.60722
1.63148	2.42649	1.56505
1.6047	2.39473	1.51861
1.57476	2.35925	1.46771
1.54127	2.31968	1.41211
1.50372	2.27553	1.35156
1.00061	1.07748	0.07748
1.00211	1.11882	0.11882
0.99999	0.99339	-0.00661
1.00538	1.1666	0.1666
1.01113	1.21701	0.21703
1.00859	1.21018	0.21018
1.0201	1.26952	0.26956
1.01665	1.26288	0.26289
1.03301	1.32446	0.32459
1.0286	1.31752	0.31758
1.02352	1.30807	0.30806
1.05057	1.38257	0.38292
1.04519	1.37507	0.37528
1.03896	1.36525	0.36532
1.07351	1.44479	0.44565
1.06719	1.43661	0.43722
1.05984	1.42616	0.42649
1.05145	1.41311	0.41317
1.10258	1.51226	0.5142
1.09535	1.50334	0.50484
1.08694	1.49216	0.49318
1.07729	1.47845	0.47898
1.0664	1.46186	0.46193
1.13849	1.58624	0.59027
1.13043	1.57657	0.57989
1.12104	1.56464	0.56716
1.11025	1.55019	0.55189
1.098	1.53295	0.53383
1.08426	1.51256	0.51268
1.06903	1.4885	0.488
1.182	1.66807	0.6759
1.17318	1.65769	0.66442
1.16292	1.64502	0.65053
1.15112	1.62985	0.63406
1.13768	1.61193	0.61479
1.12252	1.59094	0.59249
1.10557	1.56652	0.56687
1.23384	1.75917	0.77349
1.22436	1.74813	0.76084
1.21335	1.7348	0.74571
1.20068	1.71896	0.72792
1.18622	1.70039	0.70729
1.16987	1.67881	0.68363
1.1515	1.6539	0.6567
1.13098	1.62525	0.62621
1.29475	1.86096	0.88583
1.28472	1.84935	0.87196
1.27307	1.83543	0.85551
1.25968	1.81902	0.83631
1.24441	1.79989	0.81419
1.22709	1.77779	0.78899
1.20759	1.75243	0.76049
1.18571	1.72346	0.72849
1.16126	1.6904	0.69265
1.3655	1.97488	1.01618
1.355	1.96278	1.00102
1.34285	1.94839	0.98317
1.32889	1.93151	0.96247
1.31297	1.91193	0.93875
1.29492	1.88942	0.91184
1.27455	1.8637	0.88157
1.25166	1.83446	0.84775
1.22601	1.8013	0.81014
1.44683	2.10233	1.16823
1.43596	2.08983	1.15172
1.42342	2.07507	1.1324
1.40903	2.05784	1.11011
1.39264	2.03795	1.08467
1.37405	2.01515	1.05591
1.35309	1.9892	1.02369
1.3295	1.95981	0.98781
1.30304	1.92662	0.94807
1.27336	1.88918	0.90423
1.53949	2.24464	1.34621
1.52835	2.23185	1.32828
1.51552	2.21683	1.30743
1.50084	2.19937	1.28345
1.48412	2.17928	1.25618
1.4652	2.15634	1.22546
1.44385	2.13031	1.1911
1.41985	2.10091	1.15294
1.39292	2.06782	1.1108
1.36271	2.03063	1.06445
1.32881	1.98884	1.01362
1.64424	2.40311	1.55489
1.63291	2.39012	1.53549
1.6199	2.37494	1.51302
1.60504	2.35737	1.48728
1.58814	2.33721	1.45808
1.56904	2.31426	1.42525
1.54751	2.28828	1.38861
1.52332	2.25902	1.34799
1.4962	2.22618	1.3032
1.46582	2.18938	1.25403
1.43175	2.14818	1.20023
1.76183	2.57894	1.79962
1.7504	2.56584	1.7787
1.73729	2.5506	1.75454
1.72235	2.53302	1.72695
1.7054	2.51291	1.69572
1.68625	2.49008	1.66067
1.6647	2.46429	1.62162
1.64052	2.43531	1.57836
1.61344	2.40286	1.53072
1.58315	2.3666	1.47848
1.54926	2.32612	1.4214
1.51125	2.28093	1.35919
1.00195	1.11794	0.11794
0.99997	0.97687	-0.02313
1.00405	1.14588	0.14589
1.00804	1.18581	0.18583
1.0058	1.17535	0.17536
1.00329	1.15476	0.15475
1.0146	1.23205	0.2321
1.01154	1.22279	0.22281
1.00807	1.20779	0.20779
1.00042	1.05904	0.05906
1.02444	1.28237	0.28249
1.02049	1.27365	0.27371
1.01595	1.26096	0.26097
1.00011	1.02483	0.02488
1.03822	1.33623	0.3365
1.03335	1.32758	0.32774
1.0277	1.31575	0.3158
0.99973	0.97475	-0.02513
1.05666	1.39389	0.39448
1.05085	1.38499	0.38538
1.0441	1.37331	0.37349
1.03643	1.35813	0.35813
0.99927	0.89855	-0.1012
1.08045	1.45605	0.45729
1.07373	1.44671	0.44762
1.06591	1.43478	0.43534
1.05697	1.4198	0.42
1.04692	1.40102	0.40091
1.1103	1.52367	0.5262
1.10272	1.51378	0.51578
1.09389	1.50141	0.50282
1.08375	1.48619	0.487
1.07228	1.46765	0.46789
1.05949	1.44503	0.44477
1.14694	1.59791	0.60283
1.13856	1.58744	0.59153
1.1288	1.57452	0.5777
1.11758	1.55887	0.56108
1.10482	1.54013	0.54138
1.09049	1.5178	0.51814
1.07455	1.4911	0.49068
1.19108	1.68006	0.68918
1.18198	1.66899	0.67688
1.1714	1.65552	0.66203
1.15922	1.63937	0.64441
1.14534	1.62025	0.62377
1.12967	1.59778	0.5998
1.11212	1.57145	0.57209
1.09261	1.54044	0.53992
1.24346	1.77148	0.78762
1.23374	1.75986	0.77423
1.22245	1.74584	0.75824
1.20945	1.72919	0.73944
1.19462	1.70965	0.71763
1.17783	1.6869	0.69256
1.15894	1.66053	0.66394
1.13781	1.63001	0.63134
1.1143	1.59448	0.59404
1.30484	1.87357	0.90092
1.29458	1.86145	0.88637
1.28269	1.84696	0.86913
1.26902	1.82986	0.84902
1.25342	1.80992	0.82584
1.23573	1.78686	0.79941
1.21578	1.76034	0.76947
1.19339	1.72994	0.73574
1.16833	1.69505	0.69777
1.37594	1.98774	1.03232
1.36525	1.9752	1.01652
1.35288	1.9603	0.99793
1.33868	1.94284	0.97639
1.32248	1.92258	0.9517
1.3041	1.89926	0.92369
1.28336	1.87259	0.89214
1.26004	1.8422	0.85683
1.23387	1.80763	0.81744
1.20454	1.76822	0.77354
1.45755	2.11537	1.18551
1.44651	2.10249	1.16838
1.43378	2.08729	1.14837
1.41917	2.06955	1.12529
1.40253	2.04906	1.09895
1.38367	2.02558	1.06917
1.36238	1.99883	1.03577
1.33842	1.96849	0.99855
1.31152	1.93416	0.95725
1.28133	1.89531	0.91156
1.5504	2.25781	1.3647
1.53911	2.24467	1.34619
1.52611	2.22926	1.32466
1.51124	2.21135	1.29993
1.49431	2.19074	1.27181
1.47513	2.16721	1.24012
1.4535	2.14048	1.20467
1.42917	2.11027	1.16526
1.40186	2.07622	1.12169
1.37122	2.03789	1.07368
1.3368	1.99468	1.0209
1.65526	2.41632	1.57467
1.6438	2.40303	1.5547
1.63064	2.38749	1.53158
1.6156	2.36952	1.50511
1.59851	2.3489	1.47509
1.57918	2.32542	1.44133
1.5574	2.29884	1.40365
1.53293	2.26888	1.36185
1.50548	2.23521	1.31571
1.47472	2.19743	1.26501
1.44021	2.15506	1.20944
1.40138	2.10745	1.14863
1.7729	2.59213	1.82076
1.76135	2.57876	1.79927
1.7481	2.5632	1.77449
1.73301	2.54526	1.74618
1.71588	2.52473	1.71416
1.69652	2.50142	1.6782
1.67475	2.4751	1.63813
1.65031	2.44549	1.59374
1.62294	2.41232	1.54481
1.59231	2.37521	1.49111
1.55803	2.33374	1.43237
1.51957	2.28734	1.36825
1.00466	1.16445	0.16445
1.00742	1.1836	0.18362
1.00532	1.174	0.17401
1.01218	1.21554	0.2156
1.00937	1.20525	0.20528
1.01958	1.25613	0.25626
1.01597	1.24604	0.24612
1.01183	1.23053	0.23056
1.00728	1.20412	0.20412
1.03028	1.30275	0.30301
1.0258	1.29291	0.29307
1.02064	1.27887	0.27895
1.01487	1.25812	0.25812
1.00863	1.22294	0.2229
1.04493	1.35427	0.35476
1.03957	1.34448	0.34481
1.03335	1.33122	0.33139
1.02632	1.31314	0.31317
1.01857	1.28719	0.28712
1.06421	1.41049	0.41143
1.05796	1.40054	0.40122
1.05069	1.38754	0.38795
1.04241	1.37069	0.37083
1.03315	1.34847	0.3484
1.00125	1.09211	0.09226
1.08879	1.47179	0.47358
1.08168	1.46153	0.4629
1.07339	1.44845	0.44938
1.0639	1.43203	0.43251
1.05321	1.41138	0.41146
1.04136	1.3849	0.38465
1.02846	1.34871	0.34827
1.00063	1.06526	0.06554
1.11938	1.53894	0.54228
1.11144	1.52825	0.53095
1.1022	1.51489	0.5169
1.09158	1.49846	0.49975
1.07955	1.4784	0.47898
1.06608	1.45378	0.45374
0.99986	1.02851	0.02902
1.15666	1.61295	0.61905
1.14798	1.60178	0.60692
1.13786	1.58802	0.59211
1.12622	1.57136	0.57433
1.11298	1.55137	0.55321
1.09806	1.52746	0.52823
1.08142	1.49867	0.4985
1.06306	1.46317	0.46231
0.99889	0.97618	-0.02296
1.20137	1.69502	0.70578
1.19201	1.68334	0.69273
1.18111	1.66915	0.67699
1.16857	1.65215	0.65833
1.15427	1.63199	0.63646
1.13811	1.60825	0.61101
1.11996	1.5803	0.58146
1.09975	1.54713	0.54691
1.07738	1.50681	0.50557
0.99763	0.8982	-0.10032
1.25423	1.78643	0.80481
1.24427	1.77428	0.79072
1.23271	1.75964	0.77392
1.2194	1.74227	0.75418
1.20421	1.72186	0.73127
1.187	1.69806	0.7049
1.16761	1.67041	0.67473
1.14589	1.63823	0.6402
1.12166	1.60047	0.6004
1.09474	1.55509	0.5535
0.41542	-2.09198	2.52817
1.31599	1.88854	0.91887
1.30553	1.87596	0.90365
1.2934	1.86092	0.88566
1.27946	1.8432	0.86468
1.26355	1.82253	0.84051
1.2455	1.79859	0.81291
1.22513	1.77101	0.7816
1.20224	1.7393	0.74623
1.17659	1.70272	0.70623
1.1479	1.66015	0.66068
1.38739	2.00272	1.05116
1.37652	1.98977	1.03473
1.36394	1.9744	1.01543
1.3495	1.9564	0.99308
1.33303	1.9355	0.96746
1.31435	1.91144	0.93837
1.29325	1.88388	0.90559
1.26951	1.85242	0.86882
1.24284	1.8165	0.82769
1.21292	1.77536	0.78163
1.46919	2.13034	1.20536
1.458	2.11709	1.18764
1.44508	2.10147	1.16694
1.43027	2.08326	1.14309
1.4134	2.06221	1.11586
1.39427	2.03809	1.08508
1.37267	2.01058	1.05053
1.34835	1.97933	1.01197
1.32103	1.94389	0.96911
1.29035	1.90366	0.92156
1.25583	1.8578	0.8687
1.56217	2.27272	1.38568
1.55074	2.25926	1.36658
1.53758	2.24347	1.3444
1.52252	2.22513	1.31893
1.50539	2.20404	1.28996
1.48598	2.17993	1.25731
1.46408	2.15254	1.22076
1.43944	2.12155	1.18011
1.41177	2.08657	1.13509
1.3807	2.04709	1.0854
1.34578	2.00245	1.0306
1.66709	2.43113	1.59686
1.6555	2.41754	1.57633
1.64219	2.40167	1.55257
1.62699	2.38331	1.52537
1.60972	2.36225	1.49453
1.59018	2.33826	1.45985
1.56815	2.31109	1.42111
1.5434	2.28044	1.37812
1.51564	2.24596	1.33062
1.48451	2.20722	1.27834
1.44957	2.16366	1.22093
1.41024	2.11454	1.15791
1.78472	2.60679	1.84427
1.77304	2.59315	1.82222
1.75967	2.57728	1.7968
1.74442	2.55898	1.76779
1.72712	2.53806	1.73496
1.70758	2.51429	1.6981
1.68558	2.48743	1.657
1.6609	2.45722	1.61145
1.63324	2.42332	1.56121
1.60229	2.38537	1.50601
1.56763	2.34288	1.44554
1.52873	2.29523	1.37939
1.48487	2.2416	1.30701
1.00906	1.21285	0.21286
1.01252	1.22662	0.22665
1.00981	1.2192	0.21921
1.01805	1.25217	0.25227
1.01465	1.24291	0.24297
1.02626	1.28721	0.28744
1.0221	1.27726	0.27741
1.0173	1.26273	0.26281
1.00034	1.04435	0.04448
1.03779	1.32959	0.33003
1.0328	1.31939	0.3197
1.02703	1.30522	0.3054
1.02052	1.28515	0.28522
1.0134	1.25416	0.25416
1.05326	1.37805	0.37885
1.04743	1.36767	0.36826
1.04065	1.35382	0.35419
1.03295	1.33528	0.33546
1.0244	1.30956	0.30957
1.01514	1.26976	0.2697
1.07332	1.43211	0.43354
1.06665	1.42151	0.4226
1.05887	1.40776	0.40851
1.04999	1.39009	0.39049
1.04003	1.36707	0.36717
1.02906	1.33566	0.33555
1.01724	1.287	0.28683
1.09864	1.49193	0.49445
1.09114	1.48101	0.48302
1.08241	1.46718	0.46864
1.07239	1.44986	0.45078
1.06107	1.4282	0.42859
1.04847	1.40058	0.40054
1.03465	1.36346	0.36314
1.12988	1.55807	0.56247
1.12161	1.54676	0.55041
1.11198	1.53269	0.53551
1.1009	1.51542	0.51738
1.08833	1.49434	0.49546
1.07421	1.46851	0.46886
1.05855	1.43616	0.43589
1.0414	1.39327	0.39264
1.16774	1.6314	0.63897
1.15876	1.61966	0.62614
1.1483	1.60525	0.61053
1.13627	1.58782	0.59181
1.12256	1.56692	0.5696
1.10709	1.54189	0.54332
1.08979	1.51172	0.51202
1.07062	1.47448	0.4739
1.04957	1.42568	0.42461
1.21293	1.71299	0.72578
1.20331	1.70082	0.71206
1.19213	1.68603	0.69556
1.17925	1.66834	0.67601
1.16455	1.64738	0.65311
1.14792	1.62266	0.62646
1.12922	1.59351	0.59547
1.10833	1.5588	0.55914
1.08514	1.51646	0.51554
1.00114	1.09492	0.09594
1.26619	1.80407	0.82514
1.25601	1.79147	0.81042
1.24419	1.77631	0.79288
1.23059	1.75833	0.77231
1.21507	1.7372	0.74844
1.19746	1.71255	0.72095
1.17761	1.68386	0.68946
1.15533	1.6504	0.65333
1.13042	1.61095	0.61155
1.10266	1.56326	0.56205
0.99947	1.05465	0.05632
1.32825	1.90592	0.93976
1.31759	1.89293	0.92393
1.30525	1.87743	0.90524
1.29106	1.85917	0.88346
1.27486	1.83787	0.85838
1.25647	1.81319	0.82973
1.23571	1.78472	0.7972
1.21236	1.75191	0.76038
1.18615	1.71395	0.71863
1.15679	1.66954	0.67086
0.99729	0.99895	0.0017
1.39986	2.01988	1.07278
1.38882	2.00657	1.05576
1.37606	1.99078	1.0358
1.3614	1.97229	1.01268
1.34468	1.95084	0.98619
1.32571	1.92612	0.95611
1.30428	1.89779	0.92217
1.28014	1.86539	0.88406
1.25301	1.82832	0.84134
1.22254	1.78569	0.79334
1.18826	1.73608	0.73892
0.9944	0.92393	-0.07146
1.4818	2.14728	1.22788
1.47046	2.13371	1.20958
1.45737	2.1177	1.18824
1.44237	2.09906	1.16364
1.42528	2.07752	1.13558
1.4059	2.05281	1.10384
1.38401	2.02462	1.0682
1.35936	1.99256	1.02838
1.33165	1.95613	0.98405
1.3005	1.91467	0.93473
1.26544	1.8672	0.87972
0.99054	0.83118	-0.16094
1.57484	2.28943	1.40922
1.56327	2.27567	1.38957
1.54996	2.25953	1.36675
1.53473	2.24081	1.34056
1.5174	2.21926	1.31077
1.49777	2.19463	1.27719
1.47561	2.16664	1.2396
1.45068	2.13493	1.19774
1.42268	2.09909	1.15133
1.39122	2.05856	1.1
1.35584	2.0126	1.04325
1.31589	1.96012	0.98029
0.98536	0.73986	-0.2467
1.67974	2.44758	1.62156
1.66803	2.43371	1.60047
1.65458	2.41753	1.57609
1.63923	2.39881	1.54818
1.62178	2.37734	1.51655
1.60204	2.35289	1.48096
1.57979	2.32517	1.4412
1.55478	2.29387	1.39703
1.52672	2.25863	1.3482
1.49524	2.21897	1.29437
1.4599	2.17429	1.23514
1.4201	2.12374	1.16994
0.97838	0.70167	-0.27642
1.79729	2.62295	1.87023
1.78551	2.60905	1.84763
1.77201	2.59289	1.82159
1.75662	2.57427	1.79188
1.73916	2.55297	1.75826
1.71944	2.52877	1.72051
1.69724	2.50141	1.67841
1.67231	2.47061	1.63171
1.64439	2.43604	1.58017
1.61313	2.39727	1.52349
1.57811	2.3538	1.46129
1.53879	2.30494	1.39309
1.49445	2.24975	1.31824
0.96896	0.7867	-0.18078
1.0154	1.262	0.262
1.01954	1.27237	0.27242
1.01623	1.26653	0.26656
1.02581	1.2931	0.29327
1.02184	1.28501	0.28511
1.0348	1.32332	0.32368
1.03009	1.31394	0.3142
1.02465	1.30085	0.301
1.0471	1.36155	0.36223
1.04161	1.35146	0.35197
1.03525	1.33782	0.33815
1.02803	1.31925	0.31942
1.06332	1.40669	0.40789
1.05704	1.39614	0.39707
1.04973	1.38228	0.38293
1.04139	1.36412	0.3645
1.03208	1.33979	0.33994
0.99985	1.03231	0.03295
1.08409	1.45821	0.46026
1.07701	1.44728	0.44892
1.06876	1.43325	0.43445
1.05932	1.4154	0.41617
1.04868	1.39255	0.39291
1.03689	1.36228	0.36234
1.02408	1.31851	0.31843
0.99651	0.80976	-0.18832
1.11004	1.51613	0.51956
1.10219	1.5048	0.50763
1.09305	1.49055	0.49272
1.08254	1.47283	0.47432
1.07064	1.45082	0.45167
1.05732	1.42311	0.4234
1.04265	1.38677	0.38666
1.02672	1.3339	0.33366
1.14185	1.58085	0.58655
1.13328	1.56912	0.57394
1.12328	1.55458	0.55844
1.11178	1.5368	0.53965
1.0987	1.51519	0.51704
1.08399	1.48884	0.48975
1.0676	1.45611	0.45625
1.04955	1.41355	0.41316
1.1802	1.65312	0.66249
1.17095	1.64097	0.64909
1.16018	1.62609	0.63284
1.14779	1.60814	0.61343
1.13365	1.58665	0.59043
1.11768	1.56097	0.56329
1.09977	1.53009	0.53108
1.07985	1.49217	0.49208
1.05787	1.44317	0.4424
1.2258	1.73392	0.74911
1.21594	1.72134	0.73482
1.20449	1.70611	0.71768
1.1913	1.68791	0.69741
1.17624	1.66637	0.67371
1.15918	1.64099	0.64615
1.13997	1.61106	0.61412
1.11847	1.57545	0.57663
1.09452	1.53212	0.53178
1.06797	1.47643	0.47515
1.27936	1.82437	0.84859
1.26898	1.81139	0.8333
1.25693	1.79582	0.81513
1.24306	1.77736	0.79384
1.22723	1.75569	0.76916
1.20926	1.7304	0.74076
1.18898	1.70096	0.70821
1.1662	1.6666	0.67086
1.14068	1.62606	0.62766
1.11216	1.57705	0.5765
1.34164	1.92571	0.96358
1.33081	1.91238	0.9472
1.31826	1.89649	0.92788
1.30384	1.87779	0.9054
1.28738	1.85598	0.87951
1.26869	1.83071	0.84995
1.24757	1.80154	0.81638
1.2238	1.76789	0.77835
1.19709	1.72891	0.73518
1.16711	1.6832	0.6857
1.13342	1.62821	0.62764
1.00271	1.14125	0.14334
1.4134	2.03922	1.09721
1.4022	2.02559	1.07964
1.38925	2.00945	1.05905
1.3744	1.99055	1.03523
1.35745	1.96863	1.00796
1.33822	1.94337	0.97697
1.31648	1.9144	0.94201
1.29199	1.88124	0.90272
1.26444	1.84324	0.85862
1.23347	1.79944	0.80897
1.19858	1.74832	0.75252
0.99982	1.10391	0.10734
1.49539	2.16621	1.25309
1.48391	2.15234	1.23425
1.47066	2.13601	1.21229
1.45549	2.11698	1.187
1.43819	2.09501	1.15816
1.41858	2.06981	1.12554
1.39643	2.04103	1.08889
1.37148	2.00828	1.04791
1.34341	1.97102	1.00224
1.31185	1.92853	0.95134
1.27628	1.87974	0.89443
1.23604	1.82293	0.83012
0.99598	1.05891	0.06463
1.58841	2.30795	1.43538
1.57672	2.29392	1.41519
1.56326	2.27748	1.39176
1.54788	2.2584	1.36488
1.53037	2.23646	1.33433
1.51053	2.21137	1.29987
1.48815	2.18284	1.26128
1.46295	2.15051	1.21829
1.43464	2.11391	1.17058
1.40282	2.07246	1.11773
1.36701	2.02535	1.05917
1.32656	1.97139	0.99401
0.99087	1.01327	0.0229
1.69323	2.46569	1.64881
1.68141	2.45157	1.62718
1.66783	2.4351	1.60219
1.65233	2.41606	1.57361
1.63472	2.39422	1.54121
1.6148	2.36934	1.50475
1.59234	2.34113	1.46401
1.56709	2.30926	1.41873
1.53876	2.27333	1.36862
1.50696	2.23285	1.31332
1.47125	2.18716	1.25236
1.43102	2.13533	1.18509
1.38542	2.07601	1.11048
0.98402	0.98609	0.00211
1.81065	2.64064	1.89869
1.79876	2.62651	1.87556
1.78514	2.61008	1.84892
1.76961	2.59115	1.81853
1.75201	2.56951	1.78414
1.73212	2.54491	1.74553
1.70972	2.51709	1.70245
1.68458	2.48576	1.65465
1.65641	2.45056	1.60185
1.62487	2.41105	1.54372
1.58952	2.36667	1.47985
1.54981	2.31669	1.40968
1.50501	2.26006	1.33245
0.97482	1.0107	0.03621
1.02382	1.31149	0.3115
1.02861	1.31962	0.31969
1.02472	1.31492	0.31495
1.03557	1.33677	0.33701
1.03105	1.32974	0.32988
1.04527	1.36299	0.3635
1.04006	1.35433	0.3547
1.03401	1.34268	0.3429
1.05827	1.39743	0.39841
1.05232	1.38772	0.38846
1.0454	1.37489	0.3754
1.03753	1.35802	0.3583
0.99889	0.95595	-0.04333
1.07516	1.43931	0.441
1.06846	1.42886	0.43021
1.06065	1.41534	0.41633
1.05173	1.39799	0.39862
1.04171	1.37547	0.37579
1.09654	1.48815	0.49095
1.08909	1.47713	0.47943
1.08041	1.46314	0.4649
1.07045	1.44555	0.44677
1.0592	1.42342	0.42413
1.04667	1.39495	0.39523
1.12305	1.54393	0.54845
1.11487	1.53241	0.53622
1.10535	1.51801	0.52104
1.09439	1.50023	0.50245
1.08196	1.47836	0.4798
1.06801	1.45122	0.45195
1.05255	1.41653	0.41671
0.99839	1.0171	0.01906
1.15534	1.60696	0.6142
1.14648	1.59497	0.6012
1.13615	1.58018	0.5853
1.12427	1.56218	0.56613
1.11074	1.54042	0.54319
1.09548	1.51407	0.51571
1.07843	1.48171	0.48239
1.05957	1.44053	0.44051
0.993	0.76406	-0.23099
1.19408	1.6779	0.68936
1.18459	1.66546	0.67553
1.17353	1.65029	0.65881
1.16081	1.63203	0.63889
1.14629	1.61024	0.61539
1.12986	1.58429	0.58775
1.11141	1.55324	0.55514
1.09082	1.51544	0.51602
1.068	1.46748	0.46715
1.23998	1.75764	0.7756
1.22992	1.74477	0.76084
1.21822	1.72922	0.74319
1.20475	1.71068	0.72236
1.18937	1.68877	0.69805
1.17192	1.66301	0.66984
1.15226	1.63268	0.63714
1.13021	1.59673	0.599
1.10559	1.55323	0.5537
1.07819	1.49813	0.49738
1.29377	1.84722	0.87505
1.2832	1.83396	0.85927
1.27094	1.81806	0.84056
1.25684	1.79925	0.81867
1.24073	1.7772	0.79333
1.22244	1.75148	0.76419
1.20179	1.72157	0.73084
1.17855	1.68668	0.69263
1.15249	1.64558	0.64851
1.12329	1.59609	0.59651
1.09059	1.53341	0.53216
1.35619	1.94783	0.99028
1.34519	1.93422	0.9734
1.33247	1.91802	0.95353
1.31784	1.89898	0.93042
1.30114	1.87678	0.90385
1.28218	1.85107	0.87351
1.26075	1.82141	0.83908
1.2366	1.78719	0.80008
1.20944	1.74753	0.75581
1.17892	1.70105	0.70512
1.14457	1.64522	0.64578
1.428	2.0607	1.12439
1.41666	2.0468	1.10632
1.40355	2.03036	1.08517
1.38851	2.01113	1.06072
1.37136	1.98884	1.03273
1.3519	1.96315	1.00096
1.32989	1.93369	0.9651
1.30509	1.89995	0.92479
1.27717	1.86126	0.87953
1.24576	1.81664	0.82854
1.21033	1.7645	0.77055
1.17019	1.70194	0.70302
1.50997	2.18709	1.28097
1.49836	2.17297	1.26162
1.48497	2.15636	1.23909
1.46964	2.13702	1.21317
1.45217	2.11469	1.18361
1.43235	2.08908	1.15018
1.40996	2.05983	1.11262
1.38474	2.02652	1.07061
1.35636	1.98859	1.02375
1.32442	1.94529	0.97148
1.28842	1.8955	0.91295
1.24764	1.83741	0.84671
1.00361	1.17869	0.18326
1.6029	2.32827	1.46414
1.59109	2.314	1.44343
1.57751	2.29729	1.41944
1.56198	2.27792	1.39192
1.54431	2.25563	1.36064
1.52429	2.23016	1.32537
1.5017	2.20117	1.28586
1.47626	2.16831	1.24182
1.44767	2.13108	1.19291
1.41553	2.08887	1.13869
1.37935	2.04083	1.07852
1.33845	1.98566	1.01143
1.29189	1.9213	0.93575
0.99858	1.149	0.15674
1.70757	2.48546	1.6786
1.69564	2.47111	1.65647
1.68195	2.45439	1.6309
1.66632	2.43506	1.60167
1.64856	2.4129	1.56854
1.62847	2.38764	1.53127
1.60582	2.359	1.4896
1.58036	2.32663	1.44327
1.55177	2.29011	1.39196
1.5197	2.24892	1.33528
1.48365	2.20236	1.27273
1.44303	2.14944	1.20356
1.39697	2.0887	1.12665
0.99188	1.1282	0.14128
1.82479	2.65986	1.92967
1.8128	2.64551	1.90602
1.79907	2.62884	1.8788
1.78342	2.60964	1.84776
1.76568	2.58768	1.81264
1.74563	2.56273	1.77321
1.72307	2.53451	1.7292
1.69773	2.5027	1.68034
1.66933	2.46694	1.62634
1.63752	2.42676	1.56684
1.60187	2.38158	1.50138
1.56181	2.3306	1.42936
1.5166	2.27271	1.3499
1.46516	2.20619	1.26163
0.98293	1.13592	0.15753
1.03439	1.36116	0.36118
1.03979	1.36775	0.36785
1.03536	1.36386	0.36391
1.04738	1.38222	0.38253
1.04236	1.37607	0.37627
1.05771	1.40517	0.40586
1.05203	1.39724	0.39775
1.04543	1.38688	0.38719
1.07132	1.4363	0.43761
1.06495	1.42707	0.42809
1.05754	1.41513	0.41586
1.04907	1.39988	0.40031
1.08879	1.47512	0.47737
1.08171	1.46493	0.46676
1.07346	1.45194	0.45332
1.06402	1.43557	0.4365
1.05336	1.41491	0.41542
1.1107	1.52131	0.52498
1.10291	1.51038	0.51344
1.09384	1.49662	0.49904
1.08343	1.47955	0.48131
1.07162	1.45841	0.45953
1.05843	1.43193	0.43248
1.13766	1.57486	0.58065
1.1292	1.56329	0.56825
1.11933	1.54894	0.55298
1.10798	1.53136	0.53445
1.09508	1.50995	0.51208
1.08056	1.48375	0.485
1.06441	1.45106	0.45159
1.17033	1.63605	0.64505
1.16122	1.62394	0.63179
1.15061	1.60907	0.61565
1.13839	1.59107	0.5963
1.12446	1.56943	0.57329
1.10872	1.54343	0.54596
1.0911	1.51189	0.51324
1.07152	1.47263	0.47306
1.00126	1.12046	0.12275
1.20938	1.70548	0.71932
1.19967	1.69286	0.70515
1.18837	1.67753	0.68809
1.17535	1.65915	0.66785
1.1605	1.63729	0.64405
1.14367	1.61137	0.6162
1.12474	1.58055	0.58355
1.10357	1.5434	0.54482
1.08003	1.49716	0.49739
0.99425	0.96492	-0.02987
1.2555	1.78396	0.80507
1.24524	1.77089	0.78992
1.23333	1.75514	0.77186
1.21962	1.73641	0.7506
1.20395	1.71432	0.72585
1.18618	1.6884	0.69721
1.16612	1.65799	0.66413
1.1436	1.62211	0.62574
1.1184	1.57904	0.58053
1.09027	1.52537	0.52531
1.30942	1.87248	0.90435
1.29869	1.85901	0.88816
1.28624	1.84289	0.869
1.27193	1.82385	0.84662
1.25558	1.80155	0.82074
1.23702	1.77559	0.79105
1.21604	1.74543	0.75711
1.19241	1.71033	0.71832
1.16588	1.66913	0.6737
1.13611	1.61979	0.62145
1.10268	1.55816	0.55774
1.37189	1.97218	1.01973
1.36075	1.95835	1.00241
1.34786	1.94192	0.98205
1.33306	1.92263	0.95842
1.31615	1.90016	0.93125
1.29695	1.87416	0.90028
1.27525	1.84418	0.86514
1.25078	1.80961	0.82538
1.22324	1.7696	0.78032
1.19227	1.7228	0.72883
1.15735	1.66681	0.66884
1.1178	1.59658	0.59574
1.44367	2.08424	1.15425
1.4322	2.07012	1.13572
1.41896	2.05345	1.11406
1.40376	2.03396	1.08905
1.38643	2.01138	1.06044
1.36676	1.98538	1.02797
1.34452	1.95557	0.99134
1.31945	1.92143	0.95017
1.29122	1.88228	0.90396
1.25942	1.83715	0.85193
1.22355	1.78445	0.79281
1.18286	1.72136	0.72416
1.52555	2.20988	1.31145
1.51382	2.19555	1.29164
1.50031	2.17871	1.26859
1.48483	2.15911	1.24208
1.4672	2.1365	1.21187
1.44721	2.11056	1.17772
1.42462	2.08094	1.13934
1.39916	2.04721	1.09641
1.3705	2.00879	1.04851
1.33825	1.96491	0.99508
1.30187	1.91443	0.93523
1.26064	1.85551	0.86748
1.21353	1.78482	0.78901
1.61832	2.35035	1.49545
1.6064	2.33588	1.47427
1.59271	2.31894	1.44974
1.57705	2.29932	1.42162
1.55924	2.27675	1.38968
1.53906	2.25095	1.35366
1.51628	2.2216	1.3133
1.49064	2.18831	1.26831
1.4618	2.15058	1.21832
1.42938	2.10777	1.16287
1.39288	2.059	1.10128
1.3516	2.00295	1.03255
1.30458	1.93745	0.95493
1.72277	2.50686	1.71093
1.71074	2.49232	1.6883
1.69695	2.47537	1.6622
1.6812	2.4558	1.63236
1.66331	2.43336	1.59854
1.64307	2.40778	1.56049
1.62025	2.37878	1.51796
1.5946	2.34598	1.47065
1.56579	2.30897	1.41823
1.53346	2.26719	1.3603
1.49713	2.21991	1.29629
1.45616	2.16611	1.22542
1.40971	2.10425	1.1465
1.35651	2.03177	1.05742
1.83972	2.68059	1.96315
1.82764	2.66605	1.93901
1.81381	2.64916	1.91124
1.79806	2.62972	1.87957
1.78019	2.60749	1.84376
1.76	2.58223	1.80354
1.73727	2.55365	1.75865
1.71176	2.52143	1.7088
1.68315	2.48519	1.65367
1.65111	2.44444	1.59288
1.61519	2.39857	1.52595
1.57482	2.34675	1.45221
1.52924	2.28779	1.37072
1.47739	2.21988	1.27999
1.04715	1.41094	0.41096
1.05308	1.41642	0.41655
1.04817	1.41315	0.4132
1.06124	1.42885	0.42925
1.05576	1.42343	0.42369
1.07212	1.44915	0.45005
1.06602	1.4419	0.44256
1.05893	1.43263	0.43305
1.08626	1.47743	0.47911
1.07951	1.46872	0.47006
1.07166	1.45765	0.45861
1.06266	1.44385	0.44443
1.10421	1.51348	0.51636
1.0968	1.50363	0.50601
1.08816	1.49124	0.49308
1.07825	1.47589	0.47716
1.06705	1.45696	0.4577
1.12655	1.55714	0.56178
1.11847	1.5464	0.55033
1.10906	1.53301	0.53618
1.09824	1.51658	0.51895
1.08596	1.49653	0.49811
1.07219	1.47199	0.47285
1.15388	1.60847	0.61568
1.14516	1.59698	0.60322
1.135	1.58281	0.58799
1.12331	1.56558	0.56965
1.11	1.5448	0.54773
1.09499	1.51971	0.52158
1.07824	1.48909	0.49003
0.99469	0.87901	-0.1168
1.18684	1.66776	0.67873
1.1775	1.65563	0.66531
1.16664	1.64081	0.64905
1.15413	1.62296	0.62966
1.13985	1.60163	0.60675
1.12371	1.57621	0.57977
1.1056	1.54575	0.54789
1.08542	1.50859	0.50954
1.22609	1.73556	0.75207
1.21619	1.72287	0.73765
1.20467	1.7075	0.72036
1.19141	1.68913	0.69991
1.17627	1.66737	0.67597
1.15911	1.6417	0.6481
1.13977	1.61137	0.61566
1.11811	1.5752	0.5776
1.09396	1.53099	0.53189
1.27234	1.81266	0.83726
1.26192	1.79947	0.82181
1.24982	1.78362	0.80342
1.2359	1.76481	0.78185
1.21999	1.74269	0.75679
1.20194	1.71681	0.72789
1.18156	1.68656	0.69463
1.15864	1.65105	0.65627
1.13295	1.6088	0.61151
1.10422	1.55701	0.55779
0.99582	1.06654	0.07272
1.32631	1.89999	0.93633
1.31543	1.88636	0.91978
1.30283	1.87011	0.90024
1.28834	1.85094	0.87746
1.27179	1.82852	0.85116
1.25299	1.80247	0.82104
1.23173	1.77227	0.7867
1.20779	1.73721	0.74756
1.18087	1.69623	0.70273
1.15063	1.64751	0.65066
1.11661	1.5875	0.5881
0.98392	0.83234	-0.15343
1.38874	1.99863	1.0518
1.37748	1.98464	1.03409
1.36445	1.96805	1.0133
1.34949	1.94859	0.98921
1.33241	1.92595	0.96155
1.31302	1.89978	0.93004
1.29109	1.86964	0.89434
1.26635	1.83493	0.85401
1.2385	1.79484	0.80839
1.20715	1.74807	0.75643
1.17177	1.69243	0.69626
1.13165	1.6235	0.62389
1.46042	2.10973	1.18667
1.44884	2.09545	1.16772
1.43547	2.0786	1.14561
1.42014	2.05893	1.1201
1.40266	2.03615	1.09094
1.38282	2.00994	1.05786
1.36039	1.97989	1.02057
1.33508	1.94551	0.97869
1.30659	1.90612	0.93171
1.27449	1.86074	0.87889
1.23825	1.80787	0.81898
1.19711	1.74483	0.74975
1.54212	2.2345	1.34446
1.5303	2.22	1.32421
1.51668	2.20297	1.30069
1.50108	2.18318	1.27365
1.48331	2.16035	1.24285
1.46317	2.13417	1.20804
1.4404	2.10429	1.16893
1.41474	2.07026	1.1252
1.38586	2.0315	1.07642
1.35335	1.98725	1.02201
1.31666	1.93635	0.96109
1.27507	1.87701	0.89221
1.22753	1.806	0.81266
1.63466	2.37414	1.52927
1.62266	2.35949	1.50764
1.60886	2.34237	1.48261
1.59309	2.32254	1.45393
1.57515	2.29975	1.42137
1.55483	2.2737	1.38466
1.5319	2.24406	1.34353
1.50607	2.21044	1.29768
1.47704	2.17233	1.24673
1.44439	2.12909	1.19019
1.40761	2.07981	1.12738
1.36601	2.02314	1.05727
1.31864	1.95694	0.97811
1.73883	2.52985	1.74572
1.72672	2.51514	1.72264
1.71282	2.498	1.69602
1.69697	2.47822	1.66561
1.67896	2.45555	1.63115
1.6586	2.42972	1.59239
1.63563	2.40042	1.54905
1.60981	2.36728	1.50084
1.58082	2.32987	1.44741
1.54827	2.28762	1.38832
1.51169	2.23979	1.323
1.47044	2.18532	1.25064
1.42366	2.12262	1.16998
1.37007	2.04912	1.07889
0.81187	0.43375	-0.32662
1.85545	2.70281	1.9991
1.84329	2.68809	1.97449
1.82937	2.67102	1.94619
1.81352	2.65137	1.91394
1.79553	2.62891	1.87747
1.77522	2.60339	1.83651
1.75236	2.5745	1.79078
1.72668	2.54193	1.74
1.6979	2.50528	1.68382
1.66565	2.46406	1.62184
1.62949	2.41762	1.55354
1.58885	2.36511	1.47824
1.54297	2.3053	1.39493
1.49076	2.2363	1.30205
1.06207	1.46079	0.46081
1.06848	1.46546	0.46561
1.06313	1.46263	0.4627
1.07711	1.4763	0.47679
1.07123	1.47147	0.47179
1.08847	1.49445	0.49556
1.08201	1.48779	0.48862
1.07448	1.47946	0.47998
1.10305	1.52029	0.52238
1.09598	1.51209	0.51376
1.08773	1.50182	0.50304
1.07829	1.48927	0.49002
1.1214	1.55386	0.55743
1.11369	1.5444	0.54738
1.10472	1.53263	0.53495
1.09441	1.51824	0.51989
1.08273	1.50086	0.50185
1.14407	1.59517	0.60088
1.13574	1.58469	0.58958
1.12604	1.57173	0.57572
1.11488	1.55598	0.55903
1.10219	1.53703	0.53913
1.08793	1.51427	0.51548
1.17167	1.64436	0.65313
1.16273	1.63302	0.64069
1.15232	1.61912	0.62557
1.14034	1.60234	0.60749
1.12669	1.58227	0.5861
1.11128	1.55835	0.5609
1.09403	1.52969	0.53109
1.20483	1.70175	0.7149
1.1953	1.68968	0.70137
1.18423	1.67501	0.68508
1.17147	1.65741	0.66574
1.15691	1.63652	0.64303
1.14044	1.6118	0.61652
1.12192	1.58252	0.58554
1.10124	1.54744	0.54899
0.99534	1.00317	0.00794
1.2442	1.76788	0.78732
1.23414	1.75519	0.77272
1.22244	1.73987	0.75526
1.20897	1.72162	0.7347
1.1936	1.70008	0.71073
1.17615	1.6748	0.68297
1.15649	1.64514	0.65088
1.13443	1.61011	0.61362
1.10979	1.56802	0.56968
1.29049	1.84351	0.87195
1.27993	1.83027	0.85624
1.26768	1.8144	0.8376
1.25358	1.79562	0.8158
1.23748	1.77358	0.79053
1.2192	1.74788	0.76149
1.19855	1.71795	0.72821
1.17531	1.68302	0.69005
1.14924	1.64183	0.64593
1.12003	1.59211	0.59384
1.34442	1.92955	0.97078
1.33342	1.91584	0.95393
1.32069	1.89952	0.93407
1.30605	1.8803	0.91096
1.28933	1.85787	0.88433
1.27034	1.83186	0.8539
1.24887	1.80177	0.81928
1.22467	1.76695	0.77995
1.19745	1.72642	0.73513
1.16684	1.67861	0.68347
1.13236	1.62055	0.62233
0.99721	1.12947	0.1373
1.40674	2.02703	1.08631
1.39537	2.01293	1.06826
1.38223	1.99624	1.0471
1.36714	1.97669	1.02261
1.34992	1.95397	0.99453
1.33037	1.92775	0.96259
1.30825	1.89758	0.92644
1.2833	1.8629	0.88568
1.25521	1.82292	0.83968
1.22356	1.77646	0.78749
1.18783	1.72154	0.72745
1.14728	1.65433	0.65617
0.98154	0.94262	-0.03966
1.47823	2.13707	1.22151
1.46656	2.12267	1.2022
1.45309	2.1057	1.17968
1.43765	2.0859	1.15372
1.42004	2.063	1.12407
1.40006	2.03667	1.09047
1.37747	2.00651	1.05262
1.35199	1.97202	1.01014
1.32329	1.93256	0.96255
1.29095	1.88717	0.90913
1.25442	1.83442	0.84872
1.21296	1.77184	0.77926
1.16544	1.69454	0.69647
0.96036	0.64987	-0.30924
1.55969	2.26086	1.37989
1.54778	2.24622	1.35924
1.53407	2.22906	1.33528
1.51837	2.20912	1.30775
1.50049	2.18614	1.27642
1.48022	2.1598	1.24102
1.45731	2.12974	1.20127
1.4315	2.09553	1.15684
1.40243	2.05659	1.1073
1.36971	2.01214	1.05206
1.33278	1.96108	0.99029
1.29092	1.90164	0.92058
1.24306	1.8308	0.8404
1.65193	2.39956	1.56548
1.63984	2.38478	1.54344
1.62596	2.36751	1.51795
1.6101	2.34752	1.48876
1.59205	2.32456	1.45562
1.57162	2.29831	1.41828
1.54855	2.26847	1.37645
1.52258	2.23461	1.32982
1.49338	2.19625	1.27801
1.46054	2.15272	1.22052
1.42355	2.10311	1.15666
1.38171	2.0461	1.08541
1.33406	1.97955	1.00505
1.27914	1.8997	0.91243
1.75575	2.55438	1.78293
1.74356	2.53953	1.75941
1.72958	2.52224	1.73231
1.71364	2.50229	1.70136
1.69553	2.47943	1.66631
1.67505	2.45339	1.62688
1.65197	2.42385	1.58279
1.626	2.39045	1.53375
1.59685	2.35274	1.47939
1.56412	2.31014	1.41926
1.52734	2.2619	1.35278
1.48586	2.20696	1.27911
1.43882	2.14371	1.19697
1.38495	2.06957	1.10424
0.83138	0.73935	-0.08228
1.87198	2.72647	2.03747
1.85975	2.71161	2.01241
1.84575	2.69438	1.98361
1.8298	2.67456	1.9508
1.81172	2.6519	1.91371
1.79131	2.62615	1.87205
1.76832	2.59702	1.82555
1.7425	2.56417	1.7739
1.71356	2.52719	1.71674
1.68114	2.48558	1.65365
1.64478	2.43869	1.58411
1.60392	2.38564	1.5074
1.55778	2.32518	1.42247
1.50528	2.25539	1.32772
1.44481	2.17308	1.22039
1.0791	1.51067	0.5107
1.08592	1.51473	0.51491
1.08019	1.51226	0.51234
1.09496	1.52433	0.52492
1.08873	1.51999	0.52037
1.10671	1.54072	0.54206
1.09993	1.53458	0.53558
1.09204	1.52702	0.52766
1.12164	1.56448	0.56702
1.11429	1.55675	0.55879
1.10572	1.54721	0.54871
1.09589	1.53573	0.53666
1.1403	1.59586	0.60018
1.13235	1.58679	0.59042
1.12309	1.57561	0.57847
1.11245	1.56212	0.56418
1.10038	1.5461	0.54735
1.16322	1.63502	0.64188
1.15468	1.62483	0.63075
1.14473	1.61233	0.61721
1.13329	1.59726	0.60104
1.12027	1.57935	0.582
1.10561	1.5582	0.55978
1.191	1.68218	0.69264
1.18188	1.67104	0.68025
1.17127	1.65746	0.66529
1.15905	1.64117	0.64751
1.14512	1.62185	0.62665
1.12938	1.59906	0.60236
1.11173	1.57222	0.57411
1.22427	1.73772	0.75323
1.21459	1.72577	0.73965
1.20334	1.7113	0.72337
1.19038	1.69403	0.70414
1.1756	1.67364	0.68169
1.15885	1.64969	0.65567
1.14001	1.62161	0.6256
1.11894	1.5885	0.59069
1.26368	1.80219	0.82479
1.25348	1.78954	0.81005
1.24164	1.77433	0.79249
1.22801	1.75628	0.77188
1.21244	1.73506	0.74794
1.19478	1.71026	0.72036
1.17486	1.68135	0.68869
1.1525	1.64753	0.65228
1.12747	1.60751	0.61
0.99531	1.06144	0.06741
1.30992	1.87632	0.90889
1.29925	1.86308	0.89297
1.28688	1.84725	0.87414
1.27264	1.82856	0.85216
1.25638	1.8067	0.82676
1.23793	1.78127	0.79765
1.21707	1.75179	0.76444
1.19359	1.71756	0.72658
1.16723	1.67754	0.68319
1.13766	1.62992	0.63271
1.36373	1.961	1.00751
1.35264	1.94726	0.99039
1.3398	1.93092	0.97026
1.32504	1.91173	0.94688
1.3082	1.88937	0.91999
1.28906	1.86349	0.88932
1.26743	1.83362	0.85452
1.24303	1.79918	0.81512
1.21559	1.75928	0.77043
1.1847	1.71255	0.71932
1.14989	1.65654	0.65966
1.42587	2.05724	1.12311
1.41441	2.04309	1.10475
1.40118	2.02635	1.08327
1.38599	2.00676	1.05843
1.36866	1.98404	1.03
1.34898	1.95785	0.99769
1.32673	1.92775	0.96119
1.30162	1.89323	0.92009
1.27335	1.85354	0.87385
1.24149	1.80759	0.82159
1.20551	1.75362	0.76187
1.16467	1.68835	0.69184
0.9977	1.17126	0.18175
1.49711	2.16615	1.25865
1.48536	2.15166	1.23899
1.4718	2.13461	1.2161
1.45627	2.11475	1.18974
1.43857	2.09179	1.15967
1.41848	2.06542	1.12561
1.39577	2.03523	1.08728
1.37015	2.00076	1.0443
1.3413	1.96136	0.99622
1.30878	1.91614	0.94234
1.27206	1.86376	0.88162
1.23037	1.80194	0.81218
1.18261	1.7264	0.73033
0.97705	1.01387	0.03773
1.57825	2.28886	1.41761
1.56627	2.27413	1.3966
1.55248	2.25687	1.37223
1.53669	2.23684	1.34426
1.51872	2.21376	1.31245
1.49835	2.18732	1.27652
1.47534	2.15718	1.2362
1.4494	2.12288	1.19115
1.4202	2.08387	1.14094
1.38733	2.03939	1.08503
1.35023	1.98836	1.02257
1.30818	1.9291	0.95226
1.26012	1.85878	0.87175
0.94881	0.83576	-0.1128
1.67011	2.42655	1.60401
1.65796	2.41166	1.58158
1.64401	2.39428	1.55565
1.62807	2.37418	1.52599
1.60994	2.35108	1.49233
1.58941	2.32471	1.45441
1.56624	2.29473	1.41194
1.54015	2.26072	1.36461
1.51082	2.2222	1.31203
1.47784	2.17851	1.2537
1.44069	2.12874	1.18894
1.39868	2.0716	1.11674
1.35084	2.00503	1.03545
1.29573	1.92542	0.94209
0.90948	0.76211	-0.14224
0.64884	0.40484	-0.17573
1.77352	2.58039	1.82246
1.76127	2.56542	1.79854
1.74722	2.54801	1.77098
1.7312	2.52793	1.73953
1.71301	2.50493	1.70391
1.69244	2.47873	1.66386
1.66925	2.44902	1.61909
1.64317	2.41542	1.56929
1.61389	2.3775	1.51408
1.58103	2.33466	1.45301
1.54408	2.28615	1.38548
1.50243	2.2309	1.31066
1.4552	2.16734	1.22728
1.40114	2.09291	1.13324
0.85365	0.92481	0.0659
1.88931	2.75153	2.07818
1.87701	2.73655	2.0527
1.86294	2.71919	2.02343
1.84692	2.69922	1.9901
1.82876	2.6764	1.95241
1.80824	2.65048	1.91011
1.78515	2.62115	1.86288
1.75922	2.58807	1.81041
1.73015	2.55084	1.75234
1.69759	2.50894	1.68824
1.66107	2.46171	1.61757
1.62003	2.40827	1.53958
1.57369	2.34735	1.45321
1.52097	2.27702	1.35686
1.46028	2.19413	1.24777
1.09816	1.56059	0.56061
1.10533	1.56416	0.56438
1.09928	1.56197	0.56207
1.11471	1.57278	0.57347
1.10819	1.56883	0.56929
1.12677	1.58771	0.58929
1.11973	1.58202	0.58321
1.11153	1.57511	0.57588
1.14198	1.6097	0.61271
1.13439	1.60241	0.60484
1.12556	1.5935	0.5953
1.11542	1.58294	0.58407
1.16086	1.63916	0.64427
1.15271	1.63047	0.63478
1.14322	1.61985	0.62328
1.13232	1.60717	0.60966
1.11992	1.59232	0.59386
1.18395	1.67637	0.68446
1.17524	1.66648	0.67351
1.16509	1.65443	0.66027
1.15343	1.64003	0.64459
1.14014	1.62308	0.62633
1.12516	1.60335	0.60532
1.21184	1.72164	0.7339
1.20257	1.71072	0.72159
1.19178	1.69749	0.70679
1.17938	1.6817	0.68932
1.16523	1.66312	0.66897
1.14923	1.64142	0.64551
1.13128	1.61621	0.61863
1.24513	1.7754	0.79343
1.23533	1.76361	0.77983
1.22394	1.74938	0.76359
1.21083	1.73248	0.74449
1.19587	1.71262	0.72232
1.17892	1.68946	0.69679
1.15983	1.66254	0.66757
1.13847	1.63124	0.63413
1.28449	1.83823	0.86423
1.27419	1.82568	0.84938
1.26223	1.81063	0.83176
1.24847	1.79283	0.81113
1.23277	1.77197	0.78727
1.21495	1.74771	0.7599
1.19484	1.71959	0.72866
1.17225	1.68699	0.69307
1.14696	1.64891	0.6523
1.33062	1.91086	0.94786
1.31985	1.89767	0.93177
1.30738	1.88193	0.91278
1.29305	1.8634	0.89066
1.27667	1.84177	0.86518
1.25809	1.81669	0.83606
1.23709	1.78772	0.80297
1.21344	1.75427	0.76544
1.18688	1.71546	0.72279
1.15706	1.66987	0.6738
0.99366	1.076	0.08412
1.38423	1.99416	1.0463
1.37306	1.98043	1.02896
1.36014	1.96413	1.00859
1.3453	1.94501	0.98498
1.32836	1.92279	0.95789
1.30912	1.89711	0.92704
1.28737	1.86756	0.89212
1.26285	1.83358	0.85271
1.23525	1.7944	0.80823
1.20419	1.74885	0.75771
1.16917	1.69491	0.69946
1.44611	2.08913	1.16202
1.43458	2.07495	1.14338
1.42128	2.0582	1.12161
1.40602	2.03864	1.09647
1.3886	2.01598	1.06773
1.36884	1.98988	1.03511
1.34649	1.95995	0.99831
1.32128	1.92568	0.95697
1.29289	1.88639	0.91057
1.2609	1.84109	0.85834
1.22478	1.78821	0.79902
1.18377	1.72497	0.73025
1.51702	2.19683	1.29793
1.50521	2.1823	1.27796
1.49159	2.16522	1.25474
1.47599	2.14533	1.22802
1.45822	2.12237	1.19755
1.43805	2.09602	1.16309
1.41525	2.06589	1.12434
1.38955	2.03153	1.08094
1.3606	1.99231	1.03245
1.32798	1.9474	0.97823
1.29114	1.89554	0.91732
1.24933	1.83469	0.84805
1.20146	1.76108	0.76724
0.99632	1.20093	0.2159
1.59778	2.31842	1.45751
1.58574	2.30362	1.43615
1.57189	2.2863	1.41141
1.55604	2.26621	1.38304
1.53801	2.24308	1.35078
1.51756	2.21661	1.31437
1.49447	2.18645	1.27354
1.46845	2.15215	1.22794
1.43916	2.11318	1.17716
1.40619	2.06879	1.12066
1.36899	2.01795	1.05766
1.32684	1.95909	0.98691
1.27868	1.88955	0.90627
1.22295	1.80433	0.81149
0.96908	1.07542	0.10942
0.44006	0.63015	0.10505
1.68921	2.45502	1.64474
1.67701	2.44005	1.62194
1.66299	2.42259	1.59562
1.64699	2.40241	1.56551
1.62879	2.37924	1.53136
1.60819	2.35279	1.49291
1.58495	2.32272	1.44985
1.55878	2.28865	1.40188
1.52936	2.25006	1.34861
1.49627	2.20632	1.28954
1.45902	2.15654	1.224
1.4169	2.09946	1.15101
1.36896	2.03309	1.06899
1.31378	1.95405	0.97517
0.93143	0.99448	0.06288
0.6851	0.58614	-0.07519
1.79215	2.60782	1.86423
1.77984	2.59275	1.83992
1.76573	2.57525	1.81194
1.74965	2.55507	1.78001
1.73139	2.53196	1.74388
1.71075	2.50565	1.70325
1.68748	2.47582	1.65784
1.66132	2.4421	1.60732
1.63194	2.40404	1.55133
1.59897	2.36106	1.48941
1.56191	2.3124	1.42096
1.52014	2.25702	1.34513
1.47279	2.19334	1.26068
1.41862	2.11892	1.16558
1.35572	2.02938	1.05617
0.87843	1.05749	0.17179
1.90742	2.77793	2.12117
1.89507	2.76285	2.09529
1.88094	2.74538	2.06557
1.86486	2.7253	2.03174
1.84662	2.70236	1.9935
1.82604	2.6763	1.95058
1.80286	2.64683	1.90267
1.77684	2.61358	1.84944
1.74767	2.57616	1.79053
1.71499	2.53405	1.7255
1.67834	2.48659	1.65378
1.63717	2.43289	1.57464
1.59068	2.37167	1.48701
1.53782	2.30105	1.38928
1.47699	2.2179	1.27875
1.11917	1.61052	0.61055
1.12662	1.61372	0.61397
1.12031	1.61175	0.61186
1.13628	1.62153	0.62234
1.12951	1.61792	0.61845
1.14858	1.63526	0.6371
1.14132	1.62996	0.63135
1.13288	1.6236	0.62449
1.16399	1.65574	0.65924
1.15622	1.64884	0.65168
1.14717	1.64049	0.6426
1.13677	1.63071	0.63204
1.18302	1.6835	0.68945
1.17471	1.67518	0.68021
1.16504	1.66507	0.66909
1.15392	1.65312	0.65605
1.14128	1.63928	0.64111
1.2062	1.71895	0.72835
1.19735	1.70937	0.71756
1.18706	1.69776	0.7046
1.17522	1.68398	0.68937
1.16173	1.6679	0.67178
1.14652	1.64942	0.6518
1.23411	1.76248	0.77665
1.22473	1.7518	0.76442
1.21382	1.73892	0.74978
1.20127	1.72364	0.7326
1.18697	1.70575	0.71272
1.17078	1.68506	0.69
1.15261	1.66131	0.66429
1.26736	1.81456	0.83527
1.25746	1.80295	0.82166
1.24597	1.78899	0.80547
1.23275	1.77247	0.78651
1.21766	1.75315	0.7646
1.20057	1.73076	0.73953
1.18132	1.70495	0.71108
1.15975	1.67529	0.67892
1.3066	1.87581	0.9054
1.29622	1.86338	0.89047
1.28418	1.84853	0.8728
1.27033	1.831	0.85218
1.25453	1.81054	0.82841
1.2366	1.78684	0.80125
1.21637	1.75953	0.77044
1.19364	1.72809	0.73559
1.16817	1.69182	0.69616
1.35253	1.94695	0.98865
1.34171	1.93384	0.97241
1.32917	1.91823	0.95329
1.31476	1.89989	0.93107
1.29831	1.87854	0.90553
1.27964	1.85385	0.87642
1.25855	1.82544	0.84347
1.2348	1.7928	0.80628
1.20812	1.75519	0.76431
1.17817	1.71152	0.71668
1.40589	2.02887	1.08699
1.39466	2.01517	1.06944
1.38168	1.99895	1.04887
1.36678	1.97996	1.02507
1.34978	1.95791	0.99779
1.33048	1.93249	0.96679
1.30866	1.90331	0.93179
1.28407	1.86986	0.89241
1.25639	1.83147	0.84815
1.22525	1.78712	0.79822
1.19013	1.73517	0.74127
0.98904	1.05101	0.06326
1.46743	2.12254	1.20287
1.45586	2.10836	1.18398
1.44251	2.09165	1.16195
1.42719	2.07215	1.13654
1.40973	2.04959	1.10752
1.38991	2.02365	1.07463
1.36751	1.99395	1.03759
1.34224	1.96001	0.99605
1.31379	1.92121	0.94953
1.28175	1.87663	0.89737
1.24557	1.82491	0.83849
1.20453	1.76368	0.77091
1.53795	2.22901	1.33921
1.5261	2.21446	1.31895
1.51243	2.19738	1.29542
1.49679	2.17751	1.26836
1.47897	2.1546	1.23755
1.45876	2.12832	1.20272
1.43591	2.09831	1.1636
1.41016	2.06413	1.11983
1.38116	2.02518	1.071
1.34849	1.98069	1.01651
1.31162	1.92947	0.95548
1.26979	1.8697	0.88644
1.22193	1.79809	0.80666
1.61827	2.34942	1.49944
1.60618	2.33458	1.47777
1.59229	2.31723	1.45268
1.5764	2.29713	1.42393
1.55832	2.274	1.39127
1.53783	2.24755	1.35442
1.51469	2.21742	1.31312
1.48862	2.1832	1.26702
1.45928	2.14435	1.21574
1.42626	2.10015	1.15874
1.38903	2.04963	1.09527
1.34685	1.9913	1.02419
1.29871	1.92273	0.94354
1.24305	1.83943	0.84957
0.99177	1.22785	0.25058
0.50663	0.59504	0.05332
1.70921	2.48489	1.68756
1.69696	2.46987	1.66442
1.6829	2.45236	1.63772
1.66685	2.43213	1.6072
1.64861	2.40892	1.5726
1.62796	2.38243	1.53364
1.60466	2.35235	1.49005
1.57844	2.31827	1.44149
1.54896	2.2797	1.38759
1.51583	2.236	1.32785
1.47853	2.18633	1.26163
1.43637	2.12944	1.18796
1.38841	2.06347	1.10536
1.33326	1.98523	1.01124
0.95578	1.14861	0.19877
0.72317	0.7253	0.0017
1.81161	2.63659	1.90814
1.79926	2.62145	1.88346
1.78511	2.60388	1.85508
1.76898	2.58363	1.82271
1.75067	2.56046	1.78608
1.72997	2.53408	1.74491
1.70664	2.50418	1.6989
1.68042	2.47039	1.64773
1.65098	2.43227	1.59103
1.61794	2.38923	1.52833
1.58082	2.34053	1.45903
1.53898	2.28514	1.38231
1.49158	2.22153	1.29694
1.43738	2.14733	1.20097
1.37452	2.0584	1.09096
0.90552	1.16254	0.25549
1.92633	2.80563	2.16635
1.91393	2.79047	2.14008
1.89975	2.77292	2.10994
1.88361	2.75275	2.07563
1.86533	2.72972	2.03688
1.84468	2.70356	1.99337
1.82144	2.67398	1.94482
1.79534	2.64062	1.89088
1.7661	2.60308	1.83119
1.73333	2.56083	1.76529
1.6966	2.51323	1.69262
1.65533	2.45938	1.61244
1.60876	2.39803	1.52369
1.55582	2.32731	1.42476
1.49495	2.24418	1.31304
1.14203	1.66047	0.6605
1.14971	1.66337	0.66365
1.14318	1.66157	0.6617
1.15957	1.67052	0.67144
1.15262	1.66719	0.66779
1.17205	1.68324	0.68535
1.16463	1.67828	0.67987
1.15599	1.67237	0.6734
1.1876	1.70242	0.70643
1.17968	1.69588	0.69914
1.17046	1.68802	0.69045
1.15988	1.6789	0.68044
1.20671	1.7287	0.73552
1.19828	1.72071	0.7265
1.18847	1.71107	0.71572
1.1772	1.69976	0.70317
1.16438	1.6868	0.68895
1.22992	1.76256	0.77333
1.22096	1.75327	0.7627
1.21055	1.74208	0.74999
1.19859	1.72888	0.73514
1.18496	1.71359	0.71813
1.16958	1.6962	0.69901
1.25778	1.80449	0.82067
1.24831	1.79406	0.80851
1.23731	1.78152	0.79403
1.22467	1.76672	0.7771
1.21026	1.74951	0.75764
1.19395	1.72973	0.73556
1.17564	1.70728	0.71084
1.29091	1.855	0.87851
1.28094	1.84358	0.86491
1.26938	1.8299	0.84877
1.25609	1.81377	0.82994
1.24093	1.79498	0.80827
1.22375	1.77332	0.78362
1.2044	1.74854	0.75583
1.18271	1.72036	0.72476
1.32996	1.91473	0.94811
1.31953	1.90245	0.93311
1.30743	1.88781	0.9154
1.29353	1.87058	0.89479
1.27768	1.85053	0.87111
1.25969	1.8274	0.84415
1.2394	1.80086	0.81372
1.21659	1.77054	0.77954
1.19104	1.73591	0.74126
1.37564	1.98443	1.03107
1.36477	1.97142	1.0147
1.35219	1.95597	0.99546
1.33774	1.93784	0.97315
1.32125	1.91679	0.94756
1.30255	1.89252	0.91848
1.28142	1.86469	0.88565
1.25763	1.83286	0.84878
1.23091	1.79642	0.80744
1.20092	1.75452	0.76097
1.42867	2.06498	1.12939
1.4174	2.05135	1.11165
1.40439	2.03523	1.0909
1.38946	2.01639	1.06692
1.37243	1.99456	1.03948
1.3531	1.96943	1.00836
1.33126	1.94066	0.97329
1.30665	1.90778	0.93395
1.27896	1.87019	0.8899
1.24781	1.82704	0.84051
1.21271	1.77696	0.7847
1.48982	2.15734	1.24551
1.47821	2.1432	1.22639
1.46483	2.12655	1.20412
1.44949	2.10715	1.17846
1.43201	2.08473	1.14919
1.41217	2.05899	1.11605
1.38975	2.02956	1.07879
1.36448	1.99601	1.03707
1.33603	1.95773	0.99047
1.30399	1.91393	0.9384
1.26785	1.8634	0.87992
1.22688	1.80412	0.81341
0.97958	0.99503	0.01571
1.55989	2.26257	1.38233
1.548	2.24802	1.36181
1.53431	2.23097	1.33799
1.51864	2.21116	1.31063
1.5008	2.18832	1.27949
1.48057	2.16216	1.24433
1.45771	2.13233	1.20486
1.43195	2.09838	1.16076
1.40295	2.05978	1.11162
1.3703	2.01576	1.0569
1.33346	1.96527	0.9958
1.2917	1.90664	0.927
1.24398	1.837	0.84815
1.6397	2.38177	1.54329
1.62759	2.36692	1.52132
1.61366	2.34957	1.49591
1.59775	2.32948	1.46681
1.57964	2.30639	1.43376
1.55913	2.27999	1.39651
1.53597	2.24995	1.35477
1.50989	2.21586	1.30822
1.48055	2.1772	1.25647
1.44753	2.13329	1.19902
1.41032	2.08318	1.13516
1.3682	2.02549	1.0638
1.32016	1.95798	0.98318
1.26471	1.87665	0.88999
0.56995	0.55186	-0.01182
1.73009	2.51608	1.73236
1.71781	2.50102	1.70889
1.70372	2.48348	1.68183
1.68764	2.46324	1.65092
1.66937	2.44002	1.61589
1.6487	2.41355	1.57648
1.62537	2.38349	1.53238
1.59913	2.34946	1.48328
1.56963	2.31097	1.4288
1.53648	2.2674	1.36845
1.49918	2.21792	1.30161
1.45705	2.16136	1.22736
1.40915	2.09592	1.14427
1.35414	2.01865	1.04994
0.76276	0.83917	0.06433
1.83191	2.66663	1.95408
1.81952	2.65145	1.92906
1.80534	2.63383	1.90029
1.78917	2.61354	1.8675
1.77083	2.59033	1.83041
1.75009	2.56392	1.78873
1.72673	2.534	1.74216
1.70047	2.5002	1.69038
1.671	2.46207	1.63301
1.63793	2.41904	1.56959
1.60078	2.3704	1.49952
1.55893	2.31511	1.422
1.51154	2.25171	1.33583
1.4574	2.17791	1.23913
1.39469	2.08982	1.12866
1.94601	2.83456	2.21362
1.93357	2.81934	2.18699
1.91935	2.80172	2.15644
1.90318	2.78149	2.12169
1.88485	2.7584	2.08244
1.86416	2.73218	2.03839
1.84087	2.70253	1.98923
1.81473	2.66911	1.93462
1.78543	2.63149	1.8742
1.75261	2.58919	1.80749
1.71583	2.54152	1.73395
1.67451	2.48763	1.65282
1.6279	2.42627	1.56305
1.57495	2.35562	1.46307
1.51412	2.27274	1.35035
1.44301	2.17249	1.22045
1.16664	1.71042	0.71047
1.1745	1.71308	0.7134
1.1678	1.71143	0.71158
1.18451	1.71969	0.72073
1.1774	1.71659	0.71727
1.19711	1.73156	0.73394
1.18955	1.72688	0.72869
1.18077	1.72137	0.72253
1.21273	1.74962	0.75417
1.2047	1.74339	0.7471
1.19536	1.73596	0.73872
1.18464	1.72741	0.72917
1.23186	1.77459	0.78232
1.22333	1.76691	0.77349
1.21343	1.75769	0.76299
1.20205	1.74695	0.75086
1.18911	1.73476	0.73722
1.25502	1.80703	0.81923
1.24599	1.79803	0.80872
1.23551	1.78722	0.79623
1.22347	1.77455	0.78171
1.20976	1.75997	0.76519
1.19428	1.74353	0.74679
1.28277	1.84749	0.86577
1.27325	1.8373	0.85368
1.2622	1.82511	0.83933
1.2495	1.81077	0.82263
1.23503	1.79417	0.80351
1.21866	1.77523	0.78198
1.20027	1.75392	0.75809
1.31573	1.89653	0.92298
1.30572	1.88531	0.90937
1.29412	1.87191	0.89328
1.28079	1.85617	0.87457
1.26559	1.8379	0.85311
1.24838	1.81693	0.82882
1.229	1.7931	0.8016
1.20727	1.76624	0.77144
1.35454	1.95483	0.99216
1.34407	1.94271	0.9771
1.33195	1.92829	0.95935
1.31803	1.91136	0.93875
1.30215	1.89173	0.91514
1.28415	1.86915	0.88836
1.26385	1.84337	0.85826
1.24104	1.81409	0.82465
1.21549	1.78094	0.78734
1.39989	2.02314	1.07495
1.389	2.01025	1.05846
1.3764	1.99496	1.03911
1.36194	1.97708	1.01671
1.34545	1.95635	0.99107
1.32675	1.93251	0.96201
1.30563	1.90525	0.9293
1.28186	1.87421	0.89269
1.25517	1.83889	0.85188
1.22523	1.79862	0.8064
1.45254	2.10234	1.17334
1.44125	2.0888	1.15543
1.42823	2.07281	1.1345
1.41329	2.05414	1.11035
1.39626	2.03255	1.08277
1.37695	2.00774	1.05153
1.35512	1.9794	1.01639
1.33054	1.9471	0.97708
1.3029	1.91032	0.93322
1.27183	1.86832	0.88428
1.23683	1.82	0.82944
1.51324	2.19341	1.28978
1.50162	2.17933	1.27045
1.48822	2.16277	1.24795
1.47288	2.14349	1.22205
1.4554	2.12124	1.19255
1.43557	2.09573	1.15918
1.41318	2.06661	1.12171
1.38794	2.03346	1.07983
1.35954	1.99576	1.03315
1.32759	1.95276	0.98115
1.29156	1.90339	0.92302
1.25075	1.84596	0.85741
1.5828	2.29739	1.42717
1.5709	2.28288	1.4064
1.5572	2.26587	1.3823
1.54152	2.24614	1.35466
1.52368	2.22342	1.32322
1.50346	2.19741	1.28774
1.48062	2.16779	1.24794
1.45489	2.13412	1.20353
1.42593	2.0959	1.15411
1.39335	2.05242	1.09918
1.35662	2.00269	1.038
1.31502	1.94523	0.96941
1.26753	1.8775	0.89136
0.96257	0.94332	-0.0194
0.41627	0.50157	0.04424
1.66205	2.41538	1.58894
1.64992	2.40053	1.56668
1.63599	2.38321	1.54096
1.62006	2.36316	1.51152
1.60195	2.34013	1.47811
1.58144	2.31383	1.44048
1.5583	2.28392	1.39833
1.53223	2.25001	1.35136
1.50292	2.21158	1.29918
1.46996	2.16801	1.24131
1.43283	2.11838	1.17708
1.39083	2.0614	1.10548
1.34298	1.99502	1.02489
1.28785	1.91565	0.93237
0.89907	0.72067	-0.16986
0.63083	0.50008	-0.09202
1.75184	2.54849	1.77902
1.73954	2.53342	1.75524
1.72544	2.51589	1.72784
1.70934	2.49565	1.69656
1.69106	2.47246	1.66113
1.67038	2.44603	1.62127
1.64705	2.41604	1.5767
1.62081	2.3821	1.52709
1.59133	2.34374	1.47206
1.55821	2.30036	1.41116
1.52096	2.25116	1.34375
1.47891	2.19501	1.26895
1.43115	2.1302	1.18543
1.37636	2.054	1.09094
1.31249	1.96139	0.98136
0.80365	0.93679	0.1177
1.85302	2.69788	2.00196
1.84061	2.68267	1.97661
1.8264	2.66503	1.94748
1.81022	2.64472	1.91428
1.79185	2.62151	1.87675
1.7711	2.5951	1.83458
1.74773	2.56519	1.78749
1.72146	2.53141	1.73513
1.69198	2.49333	1.67713
1.65891	2.45039	1.61304
1.62178	2.40187	1.54226
1.57997	2.34678	1.464
1.53265	2.28369	1.37711
1.47865	2.21043	1.27976
1.41619	2.12333	1.16893
1.96646	2.86465	2.2629
1.95399	2.84939	2.23592
1.93974	2.83174	2.20499
1.92354	2.81147	2.16981
1.90518	2.78834	2.13009
1.88446	2.76209	2.08551
1.86115	2.73241	2.03578
1.83498	2.69896	1.98055
1.80565	2.66133	1.91943
1.77281	2.61902	1.85197
1.73601	2.57137	1.77761
1.69469	2.51752	1.6956
1.6481	2.45626	1.60491
1.5952	2.38581	1.504
1.53449	2.30335	1.39042
1.46363	2.20401	1.25995
1.19289	1.76039	0.76044
1.20088	1.76285	0.7632
1.19405	1.76132	0.76148
1.211	1.769	0.77016
1.20378	1.7661	0.76686
1.22366	1.78014	0.78281
1.21601	1.77572	0.77774
1.20712	1.77054	0.77185
1.2393	1.79724	0.80233
1.23119	1.79129	0.79545
1.22177	1.78424	0.78734
1.21097	1.77617	0.77816
1.25839	1.82105	0.82973
1.24981	1.81365	0.82105
1.23984	1.80482	0.81079
1.2284	1.79459	0.799
1.2154	1.78305	0.78585
1.28145	1.85222	0.8659
1.27239	1.84348	0.8555
1.26186	1.83304	0.84319
1.24978	1.82085	0.82895
1.23603	1.8069	0.81284
1.22051	1.79129	0.79502
1.30904	1.89134	0.91179
1.29949	1.88139	0.89975
1.28842	1.86952	0.88551
1.2757	1.85561	0.869
1.26121	1.83958	0.85019
1.24484	1.8214	0.8291
1.22643	1.80109	0.80589
1.34177	1.93902	0.96852
1.33174	1.928	0.9549
1.32013	1.91488	0.93885
1.3068	1.8995	0.92023
1.2916	1.88173	0.89894
1.2744	1.86141	0.87494
1.25504	1.83845	0.84821
1.23334	1.81276	0.8188
1.38027	1.99596	1.03741
1.36979	1.984	1.02228
1.35767	1.96981	1.00449
1.34376	1.9532	0.98389
1.3279	1.93397	0.96034
1.30993	1.91193	0.9337
1.28967	1.88687	0.90386
1.26692	1.85855	0.87073
1.24144	1.82674	0.83421
1.42526	2.06294	1.12013
1.41436	2.05018	1.10352
1.40176	2.03508	1.08406
1.38732	2.01744	1.06157
1.37085	1.99703	1.03588
1.35219	1.97362	1.00682
1.33112	1.94694	0.97419
1.30743	1.91665	0.93781
1.28084	1.88238	0.89744
1.25102	1.84359	0.85277
1.47746	2.14084	1.2187
1.46618	2.1274	1.20062
1.45316	2.11155	1.17953
1.43824	2.09307	1.15521
1.42124	2.07173	1.12748
1.40197	2.04726	1.09611
1.3802	2.01936	1.0609
1.3557	1.98764	1.0216
1.32816	1.95165	0.97788
1.29723	1.91075	0.92932
1.26242	1.86405	0.87527
1.53766	2.23064	1.33555
1.52604	2.21663	1.31601
1.51265	2.20017	1.29329
1.49733	2.18104	1.26717
1.47987	2.15898	1.23744
1.46009	2.13372	1.20385
1.43775	2.10492	1.16617
1.41259	2.07222	1.12412
1.38429	2.03509	1.07735
1.35247	1.99289	1.02538
1.31662	1.94467	0.96753
1.27607	1.88896	0.90267
0.26307	0.30203	0.01544
1.60666	2.33338	1.4736
1.59476	2.31891	1.45258
1.58107	2.30198	1.42823
1.56541	2.28235	1.4003
1.54759	2.25976	1.36857
1.5274	2.23394	1.33278
1.50461	2.20455	1.29268
1.47894	2.17119	1.24796
1.45008	2.13339	1.19827
1.41761	2.09047	1.14312
1.38104	2.04153	1.08184
1.33967	1.98522	1.0134
1.29252	1.91931	0.93601
0.99384	1.18025	0.19497
1.68531	2.45015	1.63624
1.67317	2.43533	1.61372
1.65924	2.41804	1.5877
1.64332	2.39806	1.55794
1.62523	2.37512	1.52419
1.60475	2.34894	1.48618
1.58163	2.31919	1.44364
1.55562	2.28549	1.39626
1.52638	2.24735	1.34367
1.49351	2.20416	1.2854
1.45651	2.15506	1.22081
1.4147	2.09883	1.14897
1.36713	2.0336	1.06838
1.31241	1.95612	0.9764
0.93414	0.96347	0.02911
0.68984	0.43909	-0.18909
1.77445	2.58206	1.82743
1.76214	2.567	1.80335
1.74803	2.54948	1.77563
1.73193	2.52928	1.74399
1.71366	2.50614	1.70817
1.69299	2.47978	1.66789
1.66969	2.44988	1.62286
1.64348	2.41608	1.57277
1.61404	2.3779	1.51723
1.58099	2.33476	1.45578
1.54383	2.2859	1.38784
1.50192	2.23021	1.31253
1.45436	2.16612	1.2286
1.39989	2.09103	1.13394
1.33652	2.00038	1.02477
0.84564	1.02339	0.16474
1.87494	2.73026	2.05167
1.86251	2.71504	2.026
1.8483	2.69739	1.99652
1.8321	2.6771	1.96294
1.81374	2.65389	1.92498
1.79299	2.62752	1.88236
1.76961	2.59765	1.83475
1.74336	2.56395	1.78184
1.7139	2.52596	1.72325
1.68087	2.48315	1.65853
1.64379	2.43482	1.58708
1.60207	2.37999	1.50813
1.55488	2.31732	1.42056
1.50108	2.24469	1.32263
1.43896	2.15867	1.21145
1.98766	2.89587	2.3141
1.97518	2.88057	2.28678
1.96091	2.8629	2.25548
1.94469	2.84261	2.21989
1.92632	2.81947	2.17971
1.90559	2.79321	2.13464
1.88226	2.76353	2.08436
1.85609	2.7301	2.02853
1.82676	2.6925	1.96675
1.79392	2.65023	1.89858
1.75714	2.60266	1.82346
1.71585	2.54893	1.74063
1.66932	2.48786	1.64908
1.61654	2.41773	1.54731
1.55602	2.33582	1.43296
1.48551	2.23752	1.30202
1.22069	1.81036	0.81041
1.22876	1.81265	0.81305
1.22184	1.81122	0.8114
1.23893	1.81842	0.81971
1.23164	1.81569	0.81653
1.25161	1.82894	0.8319
1.2439	1.82474	0.82699
1.23495	1.81984	0.8213
1.26722	1.84519	0.85086
1.25907	1.8395	0.84413
1.24961	1.83277	0.83624
1.23876	1.82514	0.82736
1.28623	1.86799	0.87764
1.27762	1.86085	0.86909
1.26763	1.85237	0.85902
1.25617	1.84258	0.84751
1.24314	1.83162	0.83475
1.30915	1.89802	0.91321
1.30006	1.88952	0.90291
1.28953	1.87942	0.89074
1.27745	1.86766	0.87673
1.2637	1.85428	0.86095
1.24819	1.83941	0.84361
1.33653	1.93591	0.95861
1.32697	1.92619	0.94661
1.3159	1.91462	0.93246
1.30319	1.90112	0.91609
1.28873	1.88562	0.89752
1.27239	1.86812	0.8768
1.25403	1.8487	0.85414
1.36897	1.98233	1.01498
1.35894	1.97151	1.00135
1.34735	1.95866	0.98531
1.33404	1.94364	0.96676
1.31889	1.92632	0.94561
1.30174	1.90661	0.92185
1.28244	1.88444	0.8955
1.26083	1.85981	0.8667
1.40712	2.03799	1.08371
1.39665	2.02621	1.06851
1.38455	2.01225	1.05067
1.37068	1.99594	1.03006
1.35487	1.9771	1.00653
1.33696	1.95558	0.97999
1.31679	1.93118	0.95037
1.29414	1.90376	0.91761
1.2688	1.87315	0.88174
1.45169	2.10371	1.16648
1.4408	2.09109	1.14975
1.42823	2.07618	1.13018
1.41383	2.05879	1.1076
1.39742	2.03871	1.08184
1.37882	2.01572	1.05275
1.35785	1.98959	1.02017
1.33427	1.96003	0.98395
1.30783	1.92672	0.94392
1.27821	1.88929	0.89991
-3.08526	0.2279	0.14985
1.5034	2.18036	1.26532
1.49214	2.16703	1.24708
1.47915	2.15133	1.22582
1.46427	2.13305	1.20134
1.44732	2.11197	1.17345
1.42812	2.08784	1.14196
1.40645	2.06038	1.10665
1.38206	2.02924	1.06732
1.35468	1.99401	1.02368
1.32394	1.95415	0.97541
1.28939	1.90893	0.922
1.56305	2.26892	1.38269
1.55145	2.25499	1.36295
1.53809	2.23865	1.34002
1.5228	2.21967	1.31368
1.5054	2.19782	1.28371
1.48568	2.17282	1.2499
1.46342	2.14437	1.21201
1.43837	2.11211	1.16978
1.41022	2.07557	1.12288
1.37859	2.03415	1.0709
1.34299	1.98702	1.01324
1.30278	1.93292	0.94896
1.63145	2.37044	1.52149
1.61956	2.35603	1.50023
1.60589	2.33918	1.47562
1.59026	2.31967	1.44743
1.57248	2.29723	1.41541
1.55235	2.27161	1.37932
1.52964	2.24248	1.33891
1.50407	2.20946	1.29389
1.47533	2.17209	1.24391
1.44304	2.12974	1.18853
1.40668	2.08159	1.12713
1.36561	2.02641	1.05876
1.31888	1.96221	0.98187
1.70945	2.48599	1.68511
1.69732	2.47121	1.66232
1.6834	2.45399	1.63601
1.6675	2.43409	1.60594
1.64944	2.41126	1.57185
1.62901	2.38522	1.53349
1.60596	2.35566	1.49057
1.58002	2.3222	1.44279
1.55089	2.28438	1.38979
1.51815	2.24159	1.33112
1.48133	2.19305	1.26617
1.43977	2.1376	1.19406
1.39254	2.0735	1.11341
1.33833	1.99784	1.02181
0.97079	1.13234	0.16697
0.74738	0.36824	-0.30498
1.79789	2.61671	1.87748
1.78558	2.60166	1.85312
1.77147	2.58418	1.82508
1.75539	2.56403	1.7931
1.73714	2.54096	1.7569
1.71651	2.5147	1.71622
1.69325	2.48493	1.67075
1.6671	2.45129	1.62018
1.63774	2.41332	1.56414
1.60479	2.37047	1.50217
1.56777	2.32197	1.4337
1.52604	2.26681	1.3579
1.47875	2.20346	1.27355
1.42466	2.12952	1.17868
1.3619	2.04078	1.06979
0.88857	1.10221	0.20728
1.89765	2.76371	2.10311
1.88522	2.74849	2.07713
1.871	2.73086	2.04731
1.85481	2.71058	2.01337
1.83645	2.68742	1.975
1.81572	2.6611	1.93193
1.79238	2.63131	1.88384
1.76615	2.5977	1.8304
1.73674	2.55985	1.77124
1.70378	2.51722	1.7059
1.6668	2.46912	1.63381
1.6252	2.41462	1.5542
1.5782	2.35242	1.46598
1.52468	2.2805	1.36748
1.46298	2.19562	1.25596
2.00962	2.92813	2.36711
1.99712	2.91282	2.33947
1.98285	2.89514	2.30781
1.96662	2.87485	2.27183
1.94825	2.85172	2.23122
1.92751	2.82548	2.18567
1.9042	2.79584	2.13486
1.87803	2.76245	2.07845
1.84873	2.72491	2.01605
1.81592	2.68273	1.9472
1.77919	2.63528	1.87134
1.73798	2.58173	1.78774
1.69156	2.52093	1.69539
1.63894	2.45121	1.59282
1.57869	2.36996	1.47774
1.50862	2.2728	1.34634
1.24992	1.86034	0.86039
1.25804	1.86249	0.86292
1.25106	1.86114	0.86134
1.26823	1.86793	0.86934
1.26089	1.86534	0.86627
1.28089	1.87791	0.88117
1.27315	1.8739	0.87638
1.26417	1.86926	0.87087
1.29643	1.89343	0.89968
1.28826	1.88796	0.89307
1.27879	1.88152	0.88536
1.26794	1.87426	0.87672
1.31531	1.91532	0.92597
1.30669	1.90842	0.91753
1.29671	1.90024	0.90761
1.28526	1.89086	0.89633
1.27226	1.8804	0.88388
1.33804	1.94432	0.96109
1.32896	1.93606	0.95085
1.31845	1.92626	0.9388
1.30639	1.9149	0.92496
1.29269	1.90203	0.90945
1.27723	1.8878	0.89249
1.36516	1.9811	1.00611
1.35562	1.9716	0.99414
1.34458	1.96032	0.98004
1.33191	1.94719	0.96379
1.31751	1.93217	0.94541
1.30124	1.91528	0.92498
1.28298	1.89666	0.90276
1.39728	2.02635	1.06226
1.38728	2.01573	1.0486
1.37572	2.00314	1.03256
1.36246	1.98846	1.01405
1.34738	1.97158	0.993
1.33032	1.95243	0.96941
1.31114	1.93097	0.94336
1.28967	1.90728	0.91504
1.43504	2.08083	1.13094
1.4246	2.06922	1.11566
1.41254	2.05548	1.09777
1.39872	2.03946	1.07711
1.38299	2.02101	1.05359
1.36518	1.99997	1.02711
1.34513	1.9762	0.99764
1.32264	1.94959	0.96517
1.29749	1.92007	0.9298
1.47914	2.14534	1.21387
1.46828	2.13286	1.19701
1.45576	2.11815	1.17733
1.44142	2.10101	1.15464
1.42508	2.08125	1.12879
1.40659	2.05867	1.09965
1.38575	2.03307	1.06708
1.36233	2.00419	1.03096
1.33609	1.97179	0.99119
1.30672	1.93558	0.94768
1.53033	2.22079	1.31309
1.51909	2.20757	1.29469
1.50615	2.19203	1.27326
1.49132	2.17397	1.24861
1.47446	2.15315	1.22056
1.45535	2.12936	1.18891
1.43381	2.10233	1.15349
1.40958	2.07175	1.11409
1.38239	2.03725	1.07049
1.35191	1.99837	1.0224
1.31768	1.95451	0.96946
1.58939	2.30815	1.43108
1.57781	2.29432	1.41114
1.56449	2.2781	1.38799
1.54926	2.25929	1.36143
1.53193	2.23765	1.33123
1.5123	2.21293	1.29719
1.49016	2.18483	1.25907
1.46526	2.15301	1.21664
1.43729	2.11704	1.16959
1.40589	2.07638	1.11755
1.37059	2.03029	1.05999
1.33078	1.97768	0.99612
1.00451	0.69113	-0.32107
1.65714	2.40847	1.57072
1.64527	2.39413	1.54924
1.63164	2.37739	1.52438
1.61605	2.358	1.49591
1.59834	2.33574	1.46361
1.57829	2.31033	1.42722
1.55568	2.28147	1.3865
1.53024	2.24879	1.34117
1.50166	2.21186	1.29089
1.46957	2.1701	1.23525
1.43349	2.12273	1.17367
1.39277	2.06863	1.1053
1.34653	2.00604	1.02873
1.73444	2.52283	1.73541
1.72233	2.5081	1.71236
1.70843	2.49095	1.68578
1.69258	2.47115	1.6554
1.67457	2.44844	1.62099
1.6542	2.42257	1.58226
1.63124	2.39321	1.53896
1.60541	2.36001	1.49079
1.57641	2.32252	1.43738
1.54385	2.28017	1.3783
1.50725	2.2322	1.31298
1.46598	2.17753	1.24057
1.41917	2.11455	1.15978
1.36554	2.0406	1.06841
1.82214	2.65235	1.92906
1.80984	2.63734	1.90443
1.79576	2.6199	1.87608
1.77971	2.59982	1.84377
1.76149	2.57684	1.8072
1.74091	2.5507	1.76612
1.71771	2.52108	1.72021
1.69165	2.48762	1.66918
1.66239	2.4499	1.61265
1.62958	2.40735	1.55017
1.59273	2.35927	1.48118
1.55124	2.30466	1.40487
1.50427	2.24208	1.32009
1.45064	2.16928	1.22495
1.38856	2.08237	1.11618
0.9323	1.17537	0.2465
1.92113	2.79816	2.15618
1.90871	2.78296	2.12991
1.8945	2.76535	2.09976
1.87832	2.74512	2.06545
1.85999	2.72201	2.02669
1.83929	2.69577	1.98318
1.81599	2.66608	1.93462
1.78982	2.63259	1.88066
1.76049	2.5949	1.82095
1.72762	2.55248	1.75501
1.69076	2.50466	1.6823
1.64934	2.45054	1.60205
1.60258	2.38885	1.51319
1.54939	2.31768	1.41412
1.48818	2.23396	1.3022
2.0323	2.96139	2.42185
2.0198	2.94608	2.3939
2.00553	2.9284	2.36189
1.98931	2.90814	2.32553
1.97094	2.88503	2.2845
1.95023	2.85883	2.23849
1.92693	2.82924	2.18717
1.9008	2.79592	2.1302
1.87154	2.75848	2.06719
1.83879	2.71643	1.99768
1.80214	2.66915	1.92112
1.76104	2.61583	1.83677
1.71477	2.55536	1.74365
1.66237	2.4861	1.64031
1.60246	2.40558	1.52454
1.28049	1.91032	0.91038
1.28863	1.91235	0.91282
1.28162	1.91108	0.91129
1.29881	1.91751	0.91906
1.29145	1.91504	0.91606
1.31141	1.92702	0.9306
1.30366	1.92319	0.9259
1.29469	1.91876	0.92052
1.32684	1.9419	0.94874
1.31867	1.93663	0.94223
1.30922	1.93045	0.93466
1.2984	1.92351	0.92621
1.34555	1.96299	0.97466
1.33695	1.9563	0.96629
1.327	1.94841	0.9565
1.3156	1.93937	0.94539
1.30266	1.92935	0.93319
1.36806	1.99106	1.00944
1.359	1.98302	0.99924
1.34853	1.9735	0.98728
1.33654	1.9625	0.97357
1.32291	1.95008	0.95827
1.30755	1.93642	0.94161
1.39488	2.02683	1.05421
1.38538	2.01753	1.04224
1.37439	2.00652	1.02818
1.3618	1.99373	1.01201
1.34748	1.97915	0.99376
1.33132	1.96283	0.97356
1.3132	1.9449	0.95168
1.42664	2.07101	1.11025
1.41668	2.06057	1.09655
1.40518	2.04823	1.08049
1.392	2.03386	1.06199
1.37702	2.01739	1.04099
1.36008	1.99875	1.01753
1.34105	1.97795	0.99171
1.31976	1.9551	0.96376
1.46397	2.12437	1.17899
1.45358	2.11292	1.16363
1.44158	2.0994	1.14566
1.42784	2.08367	1.12495
1.41221	2.06558	1.1014
1.39453	2.045	1.07494
1.37464	2.02182	1.04556
1.35235	1.99595	1.01329
1.32744	1.9674	0.97831
1.50758	2.18774	1.26219
1.49677	2.17541	1.24521
1.4843	2.16089	1.22539
1.47004	2.14399	1.20258
1.45381	2.12455	1.17663
1.43545	2.10237	1.14741
1.41476	2.07726	1.11481
1.39154	2.04903	1.07873
1.36555	2.01747	1.03912
1.33648	1.98237	0.99597
1.5582	2.26205	1.36191
1.54701	2.24895	1.34334
1.53412	2.23357	1.32173
1.51938	2.21571	1.29691
1.50261	2.19517	1.26868
1.48363	2.17171	1.23686
1.46223	2.1451	1.20129
1.4382	2.11506	1.16179
1.41125	2.08125	1.11815
1.38105	2.04329	1.07017
1.34721	2.00066	1.01755
1.61663	2.34825	1.48061
1.6051	2.33452	1.46047
1.59183	2.31844	1.43711
1.57667	2.2998	1.41031
1.55943	2.27838	1.37988
1.53992	2.25393	1.34559
1.51792	2.22617	1.30724
1.49319	2.19479	1.26457
1.46544	2.15939	1.21733
1.43431	2.11946	1.16517
1.39937	2.07435	1.10762
1.36002	2.0231	1.04402
1.04309	1.20484	0.17274
1.6837	2.4474	1.6212
1.67187	2.43315	1.59948
1.65828	2.4165	1.57437
1.64276	2.39726	1.54564
1.62513	2.37517	1.51305
1.60518	2.34999	1.47635
1.58269	2.3214	1.43531
1.5574	2.28908	1.38966
1.52902	2.2526	1.33906
1.49718	2.21141	1.28313
1.46141	2.1648	1.22132
1.4211	2.11173	1.15285
1.37541	2.05063	1.07645
1.76026	2.56059	1.78705
1.74818	2.54592	1.76375
1.73433	2.52885	1.73689
1.71853	2.50916	1.70621
1.70059	2.48659	1.67147
1.6803	2.46089	1.63239
1.65744	2.43176	1.58871
1.63174	2.39883	1.54013
1.6029	2.36169	1.4863
1.57055	2.31978	1.42681
1.53422	2.27238	1.36108
1.4933	2.21849	1.28832
1.44695	2.15659	1.20732
1.39397	2.08425	1.11601
1.84719	2.68893	1.98209
1.83491	2.67396	1.95718
1.82086	2.65658	1.92854
1.80485	2.63658	1.89589
1.78669	2.61371	1.85896
1.76617	2.58769	1.81748
1.74306	2.55824	1.77115
1.7171	2.52499	1.71966
1.68797	2.48753	1.66263
1.65533	2.44531	1.59964
1.61869	2.39766	1.53012
1.57748	2.34362	1.45329
1.53089	2.28182	1.36803
1.47777	2.21014	1.27255
1.41644	2.12498	1.16374
0.97673	1.2443	0.28321
1.94537	2.83355	2.21079
1.93296	2.81837	2.18423
1.91877	2.80081	2.15376
1.90262	2.78063	2.1191
1.88433	2.75759	2.07995
1.86368	2.73144	2.03601
1.84044	2.70187	1.98698
1.81435	2.66854	1.93252
1.78511	2.63103	1.87226
1.75237	2.58885	1.80574
1.71567	2.54133	1.7324
1.67446	2.48762	1.65151
1.62797	2.42647	1.56201
1.57517	2.35608	1.46234
1.51453	2.27353	1.34997
1.44366	2.17367	1.2204
2.05571	2.99558	2.47823
2.04321	2.98028	2.44997
2.02895	2.96263	2.41763
2.01274	2.94239	2.3809
1.9944	2.91933	2.33945
1.97372	2.89319	2.29299
1.95046	2.86367	2.24117
1.92438	2.83045	2.18366
1.89518	2.79313	2.12006
1.86252	2.75124	2.04991
1.82597	2.70417	1.97266
1.78501	2.65113	1.88759
1.73894	2.59102	1.79371
1.68681	2.52228	1.68961
1.62729	2.44253	1.57313
1.55833	2.34779	1.44073
